[gd_scene load_steps=3 format=3 uid="uid://cuh4ie1ha4scw"]

[ext_resource type="Texture2D" uid="uid://cebo0vbjopk3w" path="res://Stone.png" id="1_6pny2"]

[sub_resource type="StandardMaterial3D" id="StandardMaterial3D_i54g2"]
albedo_color = Color(0.133333, 0.133333, 0.133333, 1)
albedo_texture = ExtResource("1_6pny2")

[node name="Steps" type="CSGCylinder3D"]
transform = Transform3D(1, 1.08398e-16, 1.0799e-16, -1.4196e-16, 0.920614, 0.390474, -5.70903e-17, -0.390474, 0.920614, -1.55556e-16, 0.152946, 0.586084)
radius = 0.186
height = 0.019
sides = 15

[node name="Step 2" type="CSGCylinder3D" parent="."]
transform = Transform3D(1, 1.18772e-22, -1.3731e-22, -1.17809e-22, 1, 1.49612e-10, 1.51673e-22, 8.13172e-12, 1, -0.21231, 0.000706568, 0.187424)
radius = 0.186
height = 0.019
sides = 15
material = SubResource("StandardMaterial3D_i54g2")

[node name="Step 11" type="CSGCylinder3D" parent="."]
transform = Transform3D(1, 1.61062e-22, -1.3731e-22, -1.17649e-22, 1, 1.49612e-10, 1.94024e-22, 8.13172e-12, 1, 5.53909, 0.000706561, 0.187424)
radius = 0.186
height = 0.019
sides = 15
material = SubResource("StandardMaterial3D_i54g2")

[node name="Step 3" type="CSGCylinder3D" parent="."]
transform = Transform3D(1, 2.03455e-22, -2.43189e-22, -1.17729e-22, 1, 1.49612e-10, 1.72849e-22, 8.13172e-12, 1, -0.85651, 0.00227579, 0.603683)
radius = 0.186
height = 0.019
sides = 15
material = SubResource("StandardMaterial3D_i54g2")

[node name="Step 10" type="CSGCylinder3D" parent="."]
transform = Transform3D(1, 2.88137e-22, -3.49068e-22, -1.17729e-22, 1, 1.49612e-10, 1.72849e-22, 8.13172e-12, 1, 2.06639, 0.00382295, 1.01409)
radius = 0.186
height = 0.019
sides = 15
material = SubResource("StandardMaterial3D_i54g2")

[node name="Step2" type="CSGCylinder3D" parent="."]
transform = Transform3D(0.186061, -0.00370452, -0.982531, 0.00370414, 0.999988, -0.0030685, 0.982531, -0.00306874, 0.186073, 1.52875, 0.00212884, 0.564687)
radius = 0.186
height = 0.019
sides = 15
material = SubResource("StandardMaterial3D_i54g2")

[node name="Step 4" type="CSGCylinder3D" parent="."]
transform = Transform3D(0.186061, -0.00370452, -0.982531, 0.00370414, 0.999988, -0.0030685, 0.982531, -0.00306874, 0.186073, 1.30509, 0.0014739, 0.390958)
radius = 0.186
height = 0.019
sides = 15
material = SubResource("StandardMaterial3D_i54g2")

[node name="Step 5" type="CSGCylinder3D" parent="."]
transform = Transform3D(0.186061, -0.00370452, -0.982531, 0.00370414, 0.999988, -0.0030685, 0.982531, -0.00306874, 0.186073, 0.776238, -0.00062044, -0.164539)
radius = 0.186
height = 0.019
sides = 15
material = SubResource("StandardMaterial3D_i54g2")

[node name="Step3" type="CSGCylinder3D" parent="."]
transform = Transform3D(1, 5.51825e-23, -5.79008e-23, -6.51884e-23, 1, 1.49612e-10, 6.69704e-23, 8.13172e-12, 1, 3.51558, 0, 0)
radius = 0.186
height = 0.019
sides = 15
material = SubResource("StandardMaterial3D_i54g2")

[node name="Step 6" type="CSGCylinder3D" parent="."]
transform = Transform3D(1, 1.61062e-22, -1.9025e-22, -1.17729e-22, 1, 1.49612e-10, 1.72849e-22, 8.13172e-12, 1, 3.30327, 0.000706568, 0.187424)
radius = 0.186
height = 0.019
sides = 15
material = SubResource("StandardMaterial3D_i54g2")

[node name="Step 7" type="CSGCylinder3D" parent="."]
transform = Transform3D(1, 2.45744e-22, -2.96129e-22, -1.17729e-22, 1, 1.49612e-10, 1.72849e-22, 8.13172e-12, 1, 2.65907, 0.00227575, 0.603683)
radius = 0.186
height = 0.019
sides = 15
material = SubResource("StandardMaterial3D_i54g2")

[node name="Step4" type="CSGCylinder3D" parent="."]
transform = Transform3D(0.186061, -0.00370452, -0.982531, 0.00370414, 0.999988, -0.0030685, 0.982531, -0.00306874, 0.186073, 5.04433, 0.00212884, 0.564687)
radius = 0.186
height = 0.019
sides = 15
material = SubResource("StandardMaterial3D_i54g2")

[node name="Step 8" type="CSGCylinder3D" parent="."]
transform = Transform3D(0.186061, -0.00370452, -0.982531, 0.00370414, 0.999988, -0.0030685, 0.982531, -0.00306874, 0.186073, 4.82067, 0.0014739, 0.390958)
radius = 0.186
height = 0.019
sides = 15
material = SubResource("StandardMaterial3D_i54g2")

[node name="Step 9" type="CSGCylinder3D" parent="."]
transform = Transform3D(0.186061, -0.00370452, -0.982531, 0.00370414, 0.999988, -0.0030685, 0.982531, -0.00306874, 0.186073, 4.29182, -0.00062044, -0.164539)
radius = 0.186
height = 0.019
sides = 15
material = SubResource("StandardMaterial3D_i54g2")
